0
43.0
43.0
1
49.0
49.0
2
48.0
48.0
3
57.0
57.0
4
73.0
73.0
5
82.0
82.0
6
77.0
77.0
7
79.0
79.0
8
43.0
43.0
9
19.0
19.0
10
38.0
38.0
11
60.0
60.0
12
94.0
94.0
13
96.0
96.0
14
105.0
105.0
15
93.0
93.0
16
81.0
81.0
17
76.0
76.0
18
64.0
64.0
19
56.0
56.0
20
67.0
67.0
21
98.0
98.0
22
107.0
107.0
23
101.0
101.0
24
102.0
102.0
25
117.0
117.0
26
111.0
111.0
27
105.0
105.0
28
88.0
88.0
29
59.0
59.0
30
73.0
73.0
31
83.0
83.0
32
117.0
117.0
33
111.0
111.0
34
105.0
105.0
35
113.0
113.0
36
107.0
107.0
37
101.0
101.0
38
87.0
87.0
39
59.0
59.0
40
65.0
65.0
41
96.0
96.0
42
113.0
113.0
43
107.0
107.0
44
101.0
101.0
45
102.0
102.0
46
117.0
117.0
47
111.0
111.0
48
86.0
86.0
49
73.0
73.0
50
71.0
71.0
51
88.0
88.0
52
102.0
102.0
53
117.0
117.0
54
111.0
111.0
55
105.0
105.0
56
113.0
113.0
57
107.0
107.0
58
92.0
92.0
59
59.0
59.0
60
77.0
77.0
61
87.0
87.0
62
105.0
105.0
63
113.0
113.0
64
107.0
107.0
65
101.0
101.0
66
102.0
102.0
67
117.0
117.0
68
98.0
98.0
69
59.0
59.0
70
69.0
69.0
71
86.0
86.0
72
101.0
101.0
73
102.0
102.0
74
117.0
117.0
75
111.0
111.0
76
105.0
105.0
77
113.0
113.0
78
83.0
83.0
79
59.0
59.0
80
61.0
61.0
81
92.0
92.0
82
111.0
111.0
83
105.0
105.0
84
113.0
113.0
85
107.0
107.0
86
101.0
101.0
87
102.0
102.0
88
96.0
96.0
89
73.0
73.0
90
67.0
67.0
91
98.0
98.0
92
107.0
107.0
93
101.0
101.0
94
102.0
102.0
95
117.0
117.0
96
111.0
111.0
97
105.0
105.0
98
88.0
88.0
99
59.0
59.0
100
73.0
73.0
101
83.0
83.0
102
117.0
117.0
103
111.0
111.0
104
105.0
105.0
105
113.0
113.0
106
107.0
107.0
107
101.0
101.0
108
87.0
87.0
109
59.0
59.0
110
65.0
65.0
111
96.0
96.0
112
113.0
113.0
113
107.0
107.0
114
101.0
101.0
115
102.0
102.0
116
117.0
117.0
117
111.0
111.0
118
86.0
86.0
119
73.0
73.0
120
71.0
71.0
121
88.0
88.0
122
102.0
102.0
123
117.0
117.0
124
111.0
111.0
125
105.0
105.0
126
113.0
113.0
127
107.0
107.0
128
92.0
92.0
129
59.0
59.0
130
59.0
59.0
131
61.0
61.0
132
73.0
73.0
133
96.0
96.0
134
98.0
98.0
135
93.0
93.0
136
88.0
88.0
137
97.0
97.0
138
72.0
72.0
139
45.0
45.0
140
31.0
31.0
141
45.0
45.0
142
67.0
67.0
143
67.0
67.0
144
74.0
74.0
145
53.0
53.0
146
53.0
53.0
147
67.0
67.0
148
54.0
54.0
149
43.0
43.0
Success
